1000 9888
474 26
147 176
419 695
812 326
150 805
651 832
674 163
74 919
220 953
151 761
133 30
336 166
65 888
680 951
801 44
142 996
695 648
990 552
845 283
517 902
705 648
213 607
644 428
854 43
17 654
952 31
421 228
788 883
251 179
78 408
623 459
405 616
830 147
961 64
669 783
972 320
978 773
207 469
192 946
84 128
88 67
655 381
625 172
457 306
95 256
558 616
562 343
84 247
303 855
452 627
372 730
292 452
921 524
888 601
338 390
567 539
288 611
697 777
457 108
300 640
477 113
704 59
559 503
905 756
510 839
73 92
255 172
867 550
631 513
944 761
447 542
287 97
474 920
539 710
901 886
656 491
785 521
660 483
880 649
242 686
418 350
271 691
916 196
755 980
292 638
798 160
410 737
682 665
837 599
930 91
87 486
487 802
509 742
167 928
688 137
542 52
761 800
124 3
552 872
332 240
711 572
99 711
834 878
392 293
531 818
894 634
18 291
561 639
379 36
307 771
111 485
886 597
299 679
119 62
949 743
622 979
643 714
56 496
494 582
632 803
227 73
397 415
181 568
369 808
443 545
628 346
374 27
394 979
457 349
575 729
563 129
654 232
995 195
126 571
365 589
772 147
187 661
683 616
397 210
36 918
257 583
131 954
965 799
88 381
568 583
736 569
956 54
437 623
361 676
756 217
461 705
175 515
179 580
384 364
150 327
427 590
709 60
675 484
385 118
385 231
53 933
203 459
890 358
945 888
932 652
971 760
988 826
862 775
721 913
370 193
544 886
357 453
381 479
728 346
21 670
115 303
78 417
9 382
74 860
932 800
114 77
544 596
156 362
229 876
123 249
416 199
215 713
458 590
39 415
21 624
189 494
282 688
269 406
249 186
39 364
21 993
541 234
137 252
513 585
199 106
146 114
610 975
521 70
494 681
479 394
531 157
169 60
886 851
632 942
530 102
326 506
131 248
539 279
922 661
887 319
766 948
268 263
269 90
886 208
862 107
518 919
213 909
659 563
684 126
829 211
244 821
958 568
468 317
678 203
473 737
849 858
667 873
174 139
118 931
93 73
165 588
210 935
914 383
732 800
485 202
625 688
76 828
242 532
857 817
906 709
555 473
414 436
770 436
270 791
146 865
538 827
760 903
372 341
450 491
46 138
484 158
525 608
90 821
660 249
111 175
195 466
604 814
276 881
494 907
565 949
489 578
440 122
884 672
792 382
631 293
752 578
754 176
916 679
895 577
713 707
937 353
593 647
631 75
388 431
136 448
985 109
78 1000
282 985
948 278
300 709
83 687
601 430
231 351
895 820
108 170
808 36
2 347
973 982
743 448
642 363
878 941
917 547
221 502
519 947
957 290
170 916
905 735
474 786
40 440
426 913
26 119
942 57
214 976
641 594
415 91
254 497
845 658
6 556
409 22
326 851
926 772
272 362
771 832
920 390
187 153
444 552
447 731
699 641
931 6
662 170
888 105
284 932
654 830
125 94
533 183
236 857
879 397
742 215
409 673
771 655
629 591
78 255
150 728
464 191
284 586
125 160
203 538
205 200
945 529
472 585
968 846
200 472
953 254
366 37
945 610
416 144
604 929
570 881
240 277
42 438
562 773
428 719
437 695
96 206
541 33
14 163
282 539
302 606
359 603
246 459
752 332
550 19
660 567
978 398
863 104
421 453
574 149
467 379
714 792
628 838
772 184
791 908
784 927
9 556
377 106
37 134
575 922
615 729
654 303
163 368
311 344
187 342
741 771
945 262
12 91
787 763
809 343
168 361
478 586
444 494
546 642
36 160
457 845
719 109
921 222
775 719
121 312
18 98
951 188
914 797
52 966
615 157
672 791
323 805
654 875
146 790
954 129
519 347
515 637
793 442
708 400
729 859
694 199
92 218
936 539
21 423
319 134
837 709
570 64
608 243
517 711
555 412
684 56
651 897
764 782
158 147
620 305
345 424
971 684
772 939
593 242
868 828
760 669
985 632
898 877
574 746
56 598
888 868
378 403
837 904
167 129
268 984
894 970
207 741
541 5
997 451
122 783
626 920
626 431
701 479
506 17
570 742
277 824
887 683
602 311
216 21
605 517
611 140
467 301
981 258
178 113
235 96
97 135
676 327
714 30
328 429
554 615
139 503
638 433
784 992
268 209
788 1000
205 618
651 400
420 221
174 223
214 792
70 348
898 235
16 674
866 663
525 264
874 250
747 376
499 636
107 729
128 866
607 140
663 670
33 491
940 769
941 88
673 666
999 294
200 84
842 495
383 973
230 764
7 107
85 775
279 24
894 475
452 202
189 809
688 72
686 455
581 787
548 428
660 230
853 268
138 200
655 941
103 672
972 743
863 566
974 365
668 552
138 859
266 276
910 533
103 817
878 137
237 255
517 989
384 759
155 677
318 211
66 24
982 42
161 372
551 3
129 726
21 992
333 526
468 779
8 737
231 226
97 743
833 171
969 955
911 824
515 611
769 791
882 696
672 70
456 280
32 229
812 298
202 189
627 884
776 228
575 195
652 527
144 894
734 407
221 352
538 418
725 176
946 191
692 943
417 843
745 783
796 925
984 357
452 731
553 240
115 515
465 592
942 34
410 243
776 544
600 292
15 829
849 635
166 879
595 107
671 966
336 1000
594 209
82 509
580 268
908 267
416 245
2 730
262 136
546 287
655 739
358 289
586 524
740 607
389 283
465 173
285 474
323 27
290 432
954 923
497 796
690 480
767 685
664 108
223 387
25 566
531 764
172 594
178 659
158 389
312 53
898 964
973 256
721 303
706 157
183 125
119 112
359 929
826 546
187 784
350 828
761 763
632 749
673 445
964 724
783 176
986 812
678 942
791 645
213 839
83 592
670 514
271 509
277 880
403 557
406 348
522 541
227 273
972 841
657 242
307 393
770 563
517 262
830 983
100 752
356 858
639 429
586 315
490 724
291 925
473 546
60 456
411 955
192 118
601 478
433 380
441 950
914 389
468 824
813 28
719 362
44 594
857 757
344 928
92 326
331 746
996 956
942 62
253 949
634 947
516 631
240 544
719 136
286 461
96 111
684 672
187 152
334 473
391 929
907 131
357 856
340 618
21 17
82 481
504 371
604 412
974 24
133 600
426 466
262 116
864 426
641 29
825 744
594 471
996 327
203 503
267 927
350 732
920 67
24 184
467 992
393 965
357 284
161 97
590 202
829 914
800 664
454 569
128 261
592 986
61 633
891 310
838 851
366 853
661 534
114 485
406 943
248 975
655 271
137 170
503 181
17 652
324 792
881 539
67 893
566 894
22 767
494 424
401 818
709 863
764 286
895 612
255 645
56 325
383 230
848 801
479 461
908 587
469 359
17 430
143 666
991 422
773 895
632 188
378 931
951 980
348 564
593 908
193 286
288 417
416 571
221 424
529 835
135 632
943 161
624 117
199 625
274 584
496 760
118 835
598 601
692 534
235 165
782 515
269 724
771 814
314 975
159 37
487 664
992 70
443 286
210 255
194 664
28 908
175 847
513 276
552 994
715 842
185 971
186 116
185 255
102 896
50 551
860 244
879 328
967 304
784 464
129 781
910 165
134 30
707 232
945 675
813 95
824 460
287 564
241 334
574 536
8 569
464 43
285 51
787 305
660 33
640 477
274 183
613 976
885 923
716 976
816 702
195 715
11 756
843 855
60 603
540 813
657 486
9 947
872 229
66 164
962 279
859 481
660 758
352 793
429 763
856 665
48 886
341 479
734 670
299 583
412 382
326 412
350 22
960 358
528 368
250 138
416 744
50 236
277 537
95 358
672 281
273 322
476 335
653 31
112 325
520 812
362 245
932 57
588 311
909 855
658 601
552 492
849 542
64 646
361 452
694 390
144 366
552 379
145 955
594 234
405 121
135 32
980 515
207 891
214 763
159 174
988 22
736 103
609 177
2 759
99 809
172 43
564 805
604 38
91 413
186 507
445 670
631 302
638 989
627 108
129 372
756 264
967 923
741 476
82 715
104 943
964 317
627 29
241 362
169 725
321 434
952 268
971 472
347 322
133 963
389 105
293 653
114 474
759 270
636 59
125 570
459 106
816 553
191 435
787 152
407 379
156 953
912 711
570 763
776 695
536 519
26 605
868 484
118 207
28 227
1000 564
430 315
786 435
625 153
661 913
187 578
170 668
580 939
942 726
744 569
139 679
583 32
822 888
787 999
917 924
900 334
634 8
411 267
242 579
53 882
516 382
593 681
496 689
4 426
740 924
302 83
509 405
473 743
202 495
11 982
61 440
814 238
304 339
947 395
399 876
19 924
224 154
595 509
266 915
50 826
415 246
128 976
719 36
634 716
654 689
489 123
975 383
727 494
728 568
712 925
270 789
716 893
328 902
103 393
681 902
297 909
335 589
660 276
823 808
845 816
202 818
786 670
920 104
317 448
194 789
130 600
769 261
897 328
828 72
561 987
817 561
341 851
397 993
787 361
570 859
471 826
238 197
42 464
777 131
405 706
100 46
450 941
462 240
937 581
877 931
570 957
424 703
43 855
84 393
673 444
515 561
790 725
417 233
648 238
795 833
887 511
890 321
283 149
800 57
322 437
661 836
900 12
394 907
999 630
771 377
994 82
26 288
288 491
274 722
849 922
408 736
597 920
601 477
917 215
74 103
917 545
774 874
848 642
904 692
46 1
856 141
253 963
880 819
58 723
311 231
264 403
148 448
844 805
616 924
301 94
180 849
16 210
828 273
331 971
297 719
962 799
768 716
767 780
181 425
883 259
999 768
965 297
896 288
612 594
203 655
292 724
258 964
626 782
157 152
974 302
513 90
54 378
261 180
963 38
587 975
719 385
733 592
976 225
775 335
719 555
428 570
693 194
87 343
643 821
312 99
989 887
778 59
686 841
229 930
40 685
592 106
78 697
284 8
360 958
288 75
383 401
743 802
635 189
268 532
587 558
899 906
740 272
564 469
208 952
355 323
670 654
303 995
948 500
350 545
457 311
166 409
481 425
426 971
16 370
572 287
535 389
356 974
305 852
452 653
932 183
715 257
348 814
835 183
405 273
300 969
193 575
983 708
503 93
701 863
717 236
165 514
831 865
153 74
81 572
857 502
236 921
352 230
997 730
84 549
712 838
710 689
72 229
685 109
855 349
661 4
187 635
909 758
824 606
570 78
220 715
613 364
405 951
262 992
86 740
513 934
822 168
972 765
534 604
505 663
691 768
742 979
284 735
720 253
164 36
523 346
462 602
639 962
512 233
627 350
498 854
65 857
241 39
967 798
20 423
816 526
414 763
933 937
695 798
925 161
359 633
181 517
757 550
340 154
610 776
259 468
98 84
460 595
562 743
249 224
713 43
782 928
22 652
805 65
999 649
159 919
888 521
580 967
645 903
134 935
49 649
856 39
263 835
277 393
683 762
118 357
762 145
49 282
88 320
235 243
364 405
184 851
793 683
444 285
756 881
656 157
822 179
201 48
912 736
112 469
119 998
89 971
92 446
274 847
116 52
499 420
281 25
306 636
235 430
110 590
951 108
225 372
278 766
432 42
181 481
590 839
936 618
671 2
12 445
897 65
665 477
669 509
797 680
821 958
811 788
834 687
335 654
556 992
336 67
959 485
372 641
835 43
980 960
379 231
933 666
589 104
937 735
609 938
742 590
341 815
470 397
91 856
57 216
422 480
151 546
354 426
523 471
891 241
13 573
240 269
864 937
792 404
743 789
141 125
910 420
839 262
860 803
311 681
682 79
222 284
977 633
373 656
194 357
786 33
606 422
398 875
492 2
873 100
647 780
373 769
448 504
880 475
41 127
903 779
299 819
545 959
714 862
531 380
535 348
317 843
139 567
175 349
252 864
500 346
144 30
901 676
314 674
945 332
256 180
231 107
58 687
866 710
923 437
487 338
348 52
439 239
866 697
940 848
675 41
286 358
936 951
847 131
564 907
266 242
819 994
197 986
777 710
29 689
600 755
346 337
140 622
741 366
266 468
290 462
772 990
664 255
630 29
929 237
397 911
162 244
203 977
349 834
632 418
979 279
997 214
638 728
380 184
18 471
238 202
204 494
281 851
46 808
364 740
347 478
264 954
781 715
538 305
938 38
223 48
880 281
330 822
756 848
342 484
14 484
939 545
374 70
126 743
311 595
481 396
335 345
47 469
178 164
754 627
525 48
97 860
785 229
733 295
2 201
614 618
583 293
974 930
245 366
391 334
999 53
432 261
306 290
491 994
991 913
150 147
443 135
118 519
306 437
932 449
382 408
419 238
15 896
298 60
898 320
918 775
868 598
499 13
907 18
965 296
898 499
112 842
519 385
794 640
432 833
737 458
744 506
871 515
656 560
825 863
601 640
690 851
569 354
364 554
971 530
278 862
481 770
873 820
129 626
648 990
389 160
651 725
985 259
267 716
859 278
843 685
899 751
458 389
393 310
801 145
506 393
587 672
768 454
792 415
114 370
208 755
429 661
786 214
825 388
459 898
887 450
635 45
692 220
911 882
769 861
554 221
293 55
919 327
578 199
857 900
969 706
416 718
735 943
905 542
563 214
677 98
571 739
790 323
738 112
671 580
952 229
912 189
271 383
239 710
75 929
421 693
407 336
317 996
193 602
362 159
458 229
615 952
317 597
28 744
288 837
236 523
684 759
559 721
283 986
415 933
89 799
167 536
79 380
228 538
729 815
146 789
275 587
21 51
737 261
513 350
825 665
664 793
261 501
322 868
120 353
564 754
727 262
177 686
504 379
146 567
21 277
336 457
923 953
414 40
534 605
204 336
77 990
593 550
764 888
600 969
603 58
878 240
935 91
941 725
265 61
599 46
37 783
507 126
324 600
995 261
9 32
891 212
911 3
22 366
365 5
129 719
39 324
902 667
299 667
104 369
179 321
821 818
687 665
43 559
123 285
195 888
808 429
257 697
874 659
706 276
746 236
636 981
30 842
622 672
1 700
112 153
899 135
611 177
832 162
796 204
838 392
269 899
240 829
689 632
687 221
871 336
429 189
446 869
410 736
199 816
951 350
240 652
666 344
832 64
226 467
580 742
62 853
583 493
127 945
992 774
336 986
119 993
745 562
11 818
122 418
333 468
141 427
419 217
334 484
615 45
376 154
585 106
606 688
451 457
470 599
453 395
951 156
367 469
349 153
727 969
729 234
696 582
860 329
250 293
113 724
150 647
725 965
64 836
949 141
567 370
290 282
609 568
630 962
332 129
940 320
320 857
138 838
266 275
432 631
31 957
104 79
206 546
525 209
422 303
649 419
462 806
375 3
591 783
855 906
288 116
648 244
155 452
907 853
498 684
961 12
815 217
433 619
30 791
318 433
895 100
554 149
892 595
948 429
312 71
974 677
41 143
648 417
940 270
230 757
545 559
250 287
514 470
442 591
74 208
295 824
650 793
257 769
649 682
474 941
861 47
517 576
799 265
675 311
953 697
571 358
684 703
520 552
962 825
615 81
599 588
103 317
591 24
421 816
232 405
608 80
224 873
796 289
225 512
33 144
750 554
391 145
689 258
527 435
590 66
257 25
258 913
669 369
228 135
803 663
988 649
350 630
483 339
525 894
116 457
569 438
99 259
867 321
52 139
487 327
881 469
826 446
556 747
796 282
65 768
691 628
225 281
948 77
985 929
346 795
740 495
341 36
972 202
683 889
521 102
649 185
687 849
523 720
527 184
622 894
626 325
773 792
633 551
260 877
122 36
196 867
435 193
290 905
240 103
672 468
948 385
398 614
2 343
240 352
829 130
67 871
619 818
766 551
933 420
663 31
956 11
642 278
936 231
165 667
663 396
390 752
232 836
913 322
805 971
455 838
405 477
999 389
603 996
761 613
70 411
21 173
634 750
230 221
955 197
132 877
593 730
375 609
980 581
999 363
150 516
988 984
621 794
984 815
149 299
466 810
870 367
29 773
46 925
530 874
405 247
915 988
254 512
94 821
220 656
593 138
1000 148
233 779
17 982
551 785
26 940
405 627
837 912
22 445
272 968
241 129
574 861
388 780
885 900
389 175
118 213
178 690
489 947
56 106
630 724
740 60
961 313
472 794
42 212
152 940
528 787
878 273
741 272
919 465
777 488
504 538
89 384
52 828
825 500
863 84
973 660
813 959
522 572
248 543
688 780
247 979
196 839
322 518
711 32
624 906
689 706
688 923
69 352
89 674
145 400
532 868
516 161
974 669
35 417
202 466
667 234
567 903
588 610
991 615
405 384
482 533
533 900
867 698
724 785
489 160
917 406
828 311
576 280
979 837
487 746
861 313
242 683
64 603
964 38
552 981
24 505
261 500
797 706
85 720
637 387
964 181
407 976
362 739
717 299
384 961
811 832
242 909
115 425
816 964
382 775
199 695
646 120
742 977
376 682
360 111
802 410
911 364
254 655
56 890
191 948
330 538
574 889
497 59
960 957
423 791
704 983
544 700
855 880
52 67
70 79
96 775
761 711
333 614
639 802
478 479
809 729
900 160
762 731
249 388
469 151
717 593
812 875
961 39
869 918
925 644
53 633
348 639
147 461
190 238
653 826
782 934
929 562
706 607
1 691
753 790
347 965
465 846
982 569
469 602
787 573
572 317
244 990
279 233
637 769
66 662
732 571
698 647
385 665
883 558
575 836
245 293
410 266
432 462
585 152
150 344
633 132
7 321
31 79
859 582
786 269
257 6
774 493
97 327
742 433
618 227
671 127
629 993
41 975
255 950
200 167
57 290
845 777
578 900
150 533
320 956
63 860
565 698
547 899
931 288
293 967
924 559
249 812
740 2
161 189
489 728
498 150
561 956
768 242
399 28
320 713
502 737
229 919
15 44
773 240
941 218
238 782
536 5
147 973
242 373
616 186
526 843
963 687
765 519
804 873
161 761
838 980
222 258
740 347
528 859
356 588
217 874
709 933
639 548
344 59
571 844
666 616
652 523
454 83
735 998
204 622
5 619
905 597
878 350
526 391
268 403
417 847
948 605
326 619
812 995
149 624
44 618
690 180
193 628
356 896
676 359
474 827
199 570
992 948
40 449
499 356
481 177
463 449
546 855
943 971
214 969
908 372
275 823
40 336
290 720
741 936
914 718
3 501
847 28
336 598
121 500
110 616
76 648
737 194
823 948
951 227
936 584
920 333
573 608
978 191
855 263
747 390
430 694
750 555
586 951
112 959
774 235
990 775
779 131
513 186
626 988
958 999
685 853
542 230
781 918
105 347
149 488
375 192
696 833
380 186
823 632
536 170
593 79
613 900
127 373
322 127
589 394
161 443
952 410
702 202
904 285
869 379
807 681
473 106
184 243
901 176
243 656
821 873
756 850
378 24
490 574
277 713
934 139
609 979
377 480
947 44
827 733
991 479
614 782
154 280
800 282
732 733
53 802
867 338
114 950
140 234
109 955
325 162
991 765
238 620
960 79
728 987
502 474
57 736
556 100
610 387
442 369
922 7
120 907
282 486
466 395
268 149
179 530
25 440
814 120
345 923
343 672
391 970
276 367
131 548
558 125
335 780
214 695
557 280
15 898
492 941
92 23
503 711
405 190
392 755
870 2
873 510
323 989
949 945
71 919
404 339
447 420
927 878
199 718
971 822
368 833
612 556
793 334
281 610
328 643
755 28
350 704
495 281
821 393
324 727
381 386
129 967
885 786
890 684
677 894
677 714
18 313
604 818
275 90
169 931
152 655
48 608
581 600
693 112
751 814
259 590
318 239
835 259
342 241
235 250
671 543
223 22
999 130
653 563
69 700
514 859
17 273
143 369
374 49
89 391
805 473
274 275
79 740
163 268
479 350
670 653
305 623
13 182
402 495
631 632
27 998
448 81
175 166
967 997
143 900
894 607
97 894
376 307
586 426
273 491
793 716
885 126
600 194
989 889
106 887
554 543
853 513
552 500
75 641
888 428
466 254
943 624
710 805
861 391
534 23
276 259
813 36
106 440
74 14
475 229
665 85
419 490
804 40
77 250
353 626
580 215
885 216
432 879
107 943
812 648
984 674
684 53
703 747
685 780
147 913
855 444
640 179
180 372
641 238
418 289
169 765
167 94
946 927
820 900
306 617
254 652
981 759
985 748
858 98
270 268
661 453
276 933
106 814
657 626
820 218
385 891
613 813
815 481
856 750
433 867
179 323
531 22
660 754
118 372
708 646
947 838
820 504
181 514
757 547
98 224
412 378
910 233
553 364
959 612
588 850
353 643
247 551
503 729
514 496
752 75
311 669
454 477
254 336
213 1
644 738
62 859
176 742
586 81
989 52
594 964
477 192
373 287
664 554
277 217
529 603
615 47
463 258
747 383
380 636
288 978
400 764
573 535
280 930
393 581
231 695
894 77
141 651
806 979
475 193
668 912
907 92
190 819
751 317
332 989
388 607
764 952
30 44
400 630
628 223
224 275
133 813
137 298
750 605
237 873
627 481
419 740
291 600
432 617
642 180
151 129
73 873
838 736
846 940
557 455
119 250
543 628
468 562
485 508
17 558
949 429
900 486
882 64
755 498
207 855
647 730
687 601
331 91
812 554
905 152
708 619
859 449
364 929
200 834
347 661
460 396
670 555
378 5
929 755
326 365
311 731
718 166
896 578
809 961
942 619
662 493
341 352
731 952
184 421
956 335
302 373
322 591
883 899
149 526
701 49
44 724
226 147
210 748
967 460
785 254
731 838
623 860
348 866
232 987
426 852
72 612
552 174
628 601
261 998
709 504
767 54
936 156
277 140
409 60
796 696
654 522
665 243
295 536
331 803
634 712
410 414
853 938
50 905
594 202
85 949
376 807
766 84
381 42
10 250
708 469
729 918
200 196
925 230
663 927
858 393
586 664
660 135
310 776
545 90
856 874
376 628
789 854
829 905
522 115
595 539
526 667
690 829
398 270
327 348
975 977
350 519
367 943
5 232
47 557
949 385
554 307
313 359
422 3
298 245
7 671
808 698
29 276
801 379
91 583
554 85
939 405
99 112
482 88
321 990
198 260
879 181
921 799
799 794
839 5
921 648
23 472
886 32
743 617
670 801
396 238
344 135
307 317
515 864
494 973
888 580
465 917
69 283
642 357
127 21
495 529
574 428
79 982
49 295
16 40
790 132
470 707
322 996
732 915
272 209
288 776
41 532
702 284
482 766
103 210
417 549
477 441
746 994
709 254
451 258
496 832
660 470
4 842
720 713
388 753
98 929
638 63
340 998
750 597
241 635
367 15
162 53
662 398
81 35
873 31
858 365
17 827
713 422
16 658
751 218
110 214
845 161
518 201
849 38
834 658
872 321
390 662
218 127
373 454
536 24
590 207
575 153
442 251
376 767
929 127
894 577
695 528
939 66
78 530
302 646
731 292
754 127
302 753
17 647
273 797
151 980
905 208
155 351
360 561
588 73
387 162
933 953
781 462
378 61
327 934
74 338
152 593
160 752
960 287
490 674
109 972
188 445
605 428
787 547
118 981
2 860
568 690
558 845
995 533
956 413
177 150
624 249
41 999
704 161
740 807
46 400
84 835
418 779
954 41
420 333
410 423
324 225
253 197
827 26
723 417
476 683
760 231
23 529
724 898
673 752
107 640
56 750
590 879
516 886
371 55
427 889
284 902
86 542
242 824
578 958
687 895
410 744
51 802
68 908
147 503
774 176
445 742
392 462
582 669
622 414
26 595
55 567
294 469
209 227
397 980
458 865
61 551
722 419
843 765
347 490
761 852
725 753
911 12
705 877
951 913
651 579
964 666
344 259
679 177
611 327
812 982
527 77
535 598
361 581
574 40
246 41
122 235
967 11
25 975
972 355
776 206
429 920
451 864
195 778
549 999
517 345
743 433
235 102
828 145
979 295
763 588
50 49
948 746
538 362
956 205
481 171
173 181
124 805
984 318
966 498
383 260
41 963
107 200
508 571
783 841
880 974
535 248
850 234
615 46
83 169
515 372
370 391
386 416
336 763
245 581
85 912
931 519
440 553
133 522
483 717
120 273
543 51
33 686
819 827
289 772
272 598
183 416
441 193
225 618
7 246
357 125
930 7
200 312
661 149
811 776
189 660
209 190
880 130
945 706
585 244
677 943
72 370
533 459
722 500
955 646
963 883
782 469
143 101
381 570
57 220
378 662
467 765
159 783
53 264
62 222
318 164
564 132
179 350
765 335
493 834
432 621
389 903
782 102
360 521
179 463
212 898
259 423
133 386
706 452
544 23
247 996
875 455
549 778
455 283
293 204
593 958
601 91
918 407
218 653
274 747
829 123
230 744
675 589
253 585
456 693
476 296
866 946
204 767
912 199
961 988
637 803
658 916
897 628
480 154
761 127
709 487
226 168
486 949
629 48
334 340
337 400
889 163
391 247
362 101
475 270
450 336
79 128
997 653
965 175
470 519
577 959
378 591
643 418
641 410
695 75
54 113
2 724
632 89
867 978
886 540
641 11
153 136
571 621
62 114
812 459
480 548
194 878
363 877
20 150
612 360
589 8
595 651
436 245
42 108
65 773
694 466
841 62
651 589
184 245
829 731
226 880
526 805
303 244
765 553
878 376
535 553
493 806
406 743
133 341
317 24
435 85
843 112
458 222
958 259
728 272
748 179
596 718
753 835
23 475
939 690
743 616
320 2
395 592
967 352
931 102
329 212
244 993
120 687
83 293
546 919
123 548
767 503
469 528
745 749
11 657
653 34
713 244
875 94
641 570
643 84
917 669
328 287
780 427
732 876
681 698
578 103
538 213
847 77
559 313
113 190
710 831
76 863
462 20
357 834
28 934
323 846
548 189
110 522
557 57
177 309
201 447
555 536
46 561
802 147
231 591
508 176
719 714
695 333
241 420
459 493
461 343
228 166
911 277
398 376
492 86
720 278
389 27
265 5
86 959
551 227
973 333
351 329
6 284
502 815
857 460
621 347
860 705
989 995
574 979
138 639
495 354
350 770
591 960
621 306
321 8
449 243
773 1000
558 662
723 42
834 198
601 241
986 957
623 576
290 884
536 580
429 947
435 222
221 305
296 120
95 264
120 604
373 118
264 406
23 108
795 511
607 370
397 533
46 38
680 60
129 298
667 854
62 780
139 337
582 71
675 355
73 469
993 132
957 545
883 10
802 610
34 472
126 82
453 258
247 518
108 149
766 2
931 43
290 161
827 394
756 28
993 870
297 959
530 939
50 688
197 559
367 147
500 624
673 834
986 315
932 933
574 514
635 528
228 90
229 239
546 35
530 732
894 531
273 589
327 662
642 718
536 117
78 508
797 402
375 138
947 573
251 920
522 923
834 921
692 495
142 968
273 505
990 524
129 707
152 540
264 118
881 99
421 128
139 979
29 475
433 754
530 160
913 296
587 465
787 243
386 680
170 275
320 172
360 701
338 289
437 807
689 658
635 442
274 644
592 407
244 938
904 418
355 499
598 413
770 868
588 675
24 894
442 469
979 294
157 958
193 621
583 606
698 642
1 594
457 48
451 905
477 173
153 783
842 165
899 310
211 31
331 680
338 132
288 869
951 506
476 26
614 272
983 383
714 330
963 425
31 473
414 467
537 124
849 306
388 714
996 551
334 138
157 403
305 384
474 265
682 722
444 973
287 641
589 257
682 613
936 653
497 873
59 750
869 17
727 151
323 181
879 72
536 34
784 251
556 989
3 999
851 747
857 276
971 478
937 706
579 21
527 285
420 703
739 987
902 787
269 398
911 99
678 810
632 728
687 712
190 912
972 162
576 731
522 657
998 906
893 846
881 152
610 950
937 158
757 517
647 779
155 73
69 515
506 175
913 165
297 136
26 470
21 804
504 964
430 428
531 387
365 553
314 589
645 503
577 449
373 46
505 478
966 61
913 967
515 919
610 11
993 369
204 760
558 795
904 670
465 568
321 572
529 247
732 538
606 999
478 634
540 401
505 312
190 846
822 527
550 542
165 628
728 736
585 185
785 431
275 937
827 212
776 775
757 411
745 419
48 221
718 366
497 602
849 486
150 490
462 424
618 194
33 728
654 810
112 803
614 30
357 15
584 221
858 484
324 472
241 558
944 197
229 69
615 875
413 158
894 329
253 351
238 493
609 751
557 263
924 526
803 667
828 830
513 786
454 724
988 564
846 910
263 674
838 878
341 206
713 282
273 678
981 798
986 132
575 675
570 583
99 250
317 422
193 120
356 412
166 149
309 784
863 935
8 51
605 763
924 97
139 795
781 424
967 61
951 856
200 975
866 304
939 548
598 251
946 376
185 717
435 197
916 892
349 136
356 976
378 872
452 663
740 958
232 825
49 293
361 731
490 497
933 305
426 921
652 159
82 753
487 284
558 917
130 209
439 89
805 687
563 216
119 933
102 189
984 3
516 525
115 770
650 539
873 338
587 788
413 943
180 358
550 996
457 955
908 294
949 958
641 485
918 907
617 998
888 440
648 24
281 615
432 981
878 900
772 911
801 681
81 434
561 872
391 559
399 32
113 865
418 357
219 349
848 107
523 389
216 453
317 940
696 975
569 71
164 877
916 732
351 473
467 692
592 255
739 864
798 555
602 424
325 591
131 282
648 176
297 38
175 77
688 47
420 804
97 913
406 371
687 998
891 779
520 217
408 244
861 138
450 111
68 706
652 349
637 889
250 339
162 945
89 727
897 514
770 816
109 748
425 441
280 572
443 984
905 739
358 213
250 480
166 716
282 505
144 490
236 512
365 932
42 421
872 852
463 299
33 934
306 594
514 47
440 868
976 690
526 498
810 962
197 597
448 655
567 214
642 139
883 229
793 13
775 997
465 460
712 987
710 570
303 446
167 639
669 35
430 749
713 503
452 365
640 419
272 763
794 528
742 890
497 221
684 199
668 732
940 345
980 938
765 428
252 65
397 672
863 611
14 918
890 719
962 336
928 480
506 724
342 54
398 452
169 924
305 97
407 398
801 199
432 686
161 352
165 424
100 883
868 133
118 331
544 414
556 478
437 949
528 898
212 363
819 133
69 558
990 958
57 642
991 387
403 618
456 524
308 565
829 85
689 738
541 577
619 865
123 638
821 753
515 954
773 638
394 703
500 332
784 841
776 445
358 241
605 336
571 480
669 520
300 826
395 214
441 274
419 220
780 195
988 14
585 109
859 602
438 91
370 389
96 254
127 611
594 116
244 269
617 813
29 679
874 857
72 406
552 640
759 963
779 155
112 830
802 216
327 599
642 945
457 685
826 325
677 830
424 453
850 590
464 413
47 522
657 706
218 164
796 307
959 193
682 166
388 45
543 919
892 283
285 931
318 276
27 276
355 163
467 477
48 777
820 479
437 905
748 841
450 516
363 237
607 6
667 469
101 945
49 606
282 885
306 71
930 909
537 961
568 909
576 873
460 764
778 809
516 357
39 824
888 666
545 659
766 671
306 169
827 777
676 751
866 849
889 48
447 968
158 629
998 808
951 424
935 871
958 354
663 468
850 317
816 501
990 61
581 187
508 601
297 724
465 362
605 86
341 566
366 986
516 697
612 982
149 48
296 540
315 296
174 477
837 355
299 846
699 142
883 221
833 944
573 924
154 531
638 913
499 553
987 139
788 456
440 694
497 955
885 536
65 735
34 82
759 596
963 51
466 521
394 378
752 782
234 637
570 243
898 698
393 34
285 244
731 428
958 197
817 699
583 552
927 714
388 870
929 171
402 963
169 980
209 459
229 536
322 234
786 861
933 922
592 20
666 775
369 141
96 963
740 404
246 373
193 127
708 586
857 144
584 632
874 262
921 883
431 18
318 388
108 509
71 11
938 834
139 875
359 268
238 763
645 345
889 257
448 73
891 735
912 312
217 444
415 300
36 983
643 201
383 504
663 26
188 250
834 837
106 799
837 742
118 650
179 975
367 953
188 873
46 123
429 17
268 145
73 63
515 144
831 842
437 357
112 610
166 899
23 526
380 679
427 798
245 338
563 602
987 554
181 291
384 75
383 909
723 288
174 214
175 913
470 771
769 88
147 476
497 935
669 447
108 895
890 825
302 939
916 511
973 250
276 798
427 218
730 977
967 816
509 570
480 800
323 426
13 588
479 15
846 538
62 5
503 141
416 119
477 530
683 203
740 392
891 44
504 451
469 254
468 764
165 149
424 273
669 773
692 218
434 246
790 635
849 606
188 457
943 75
196 844
61 832
198 246
326 59
402 595
129 448
973 864
244 592
10 904
355 473
636 574
430 485
288 526
342 689
951 605
112 194
790 325
922 837
728 12
800 425
839 776
74 130
184 702
738 253
477 71
116 313
506 497
944 612
961 922
254 395
201 29
827 817
421 512
432 295
766 294
359 244
384 410
628 259
810 816
116 479
281 6
652 19
232 564
283 976
233 285
586 795
608 831
992 94
919 473
956 505
928 950
854 517
881 874
594 145
43 413
153 365
816 155
689 99
324 66
345 661
328 965
111 954
189 796
461 23
484 200
216 870
893 116
231 621
966 992
254 982
664 142
721 931
423 95
264 572
797 334
93 667
198 997
293 959
976 255
295 97
102 629
110 96
170 221
812 284
742 40
801 85
915 221
536 230
77 826
298 57
462 28
82 912
582 973
270 131
955 861
99 431
887 158
688 624
621 462
839 283
950 976
307 443
545 842
322 325
790 660
958 334
249 376
356 548
378 92
285 736
805 505
183 565
640 983
35 610
363 145
148 835
829 84
45 581
835 831
968 345
453 673
899 26
335 396
498 505
804 389
823 491
623 949
516 273
314 649
488 668
784 985
782 628
676 223
714 406
555 934
754 919
793 861
524 923
799 275
326 995
239 454
246 860
277 569
597 556
589 588
348 222
497 700
131 608
228 548
615 184
339 389
233 138
286 156
73 971
565 728
537 21
554 302
10 194
484 285
214 610
675 204
844 210
831 497
465 184
46 623
379 414
851 636
30 419
566 17
931 425
388 889
81 505
411 520
525 852
730 998
177 942
453 969
960 24
152 348
375 104
87 254
346 926
627 259
919 705
795 607
78 585
562 894
251 23
489 910
635 141
172 645
807 797
958 411
734 678
821 897
715 130
881 158
575 662
710 507
736 770
329 428
809 986
203 327
247 918
141 5
179 238
889 469
412 632
317 518
824 279
947 354
434 883
329 31
516 501
836 618
729 478
748 270
19 932
753 362
894 179
205 662
991 790
177 812
524 962
460 174
521 784
922 369
361 340
495 34
722 34
318 553
814 690
533 10
470 460
223 161
997 78
643 944
988 647
494 454
115 277
685 737
281 683
11 510
650 952
868 76
685 626
431 334
983 269
807 35
288 39
843 791
442 996
655 76
326 306
237 397
501 296
503 462
291 678
436 389
368 83
95 128
852 781
122 46
929 524
179 93
252 957
166 373
84 230
806 222
314 623
51 321
307 235
844 639
261 949
871 406
508 664
625 616
221 125
885 22
814 18
429 16
106 175
822 745
497 595
789 464
75 664
24 598
261 855
337 497
154 217
410 335
491 616
149 994
791 407
206 237
851 248
125 483
418 965
862 536
135 96
709 139
932 686
58 31
441 141
663 590
79 391
286 103
876 771
882 448
223 712
243 134
427 63
428 268
11 316
983 66
513 82
751 605
829 824
632 342
192 883
549 894
622 369
289 35
398 383
860 446
128 367
55 604
817 222
186 669
7 985
929 115
927 536
180 435
532 200
881 282
419 817
973 330
134 484
322 92
345 229
95 945
702 235
99 434
192 624
579 892
247 26
614 860
325 700
252 652
405 828
535 985
222 332
385 899
446 308
319 526
655 416
109 166
49 532
777 274
71 160
464 531
624 817
435 178
38 509
683 1000
888 902
722 910
530 93
528 567
250 127
51 66
71 383
554 855
954 311
631 839
763 311
925 988
382 995
295 920
350 349
212 166
148 18
873 42
558 849
117 239
410 129
389 720
295 766
213 831
244 230
857 585
487 258
783 881
453 33
55 222
619 903
172 282
652 12
122 437
875 861
720 794
2 889
277 49
724 910
314 614
860 94
953 612
295 429
23 642
281 295
817 181
949 912
966 598
717 340
43 301
100 509
11 203
485 144
717 293
555 406
544 869
485 225
989 689
539 954
646 114
333 429
655 960
933 750
460 48
869 476
797 111
456 683
713 672
551 128
206 668
385 717
354 414
564 379
137 124
321 207
24 943
952 87
915 77
42 306
77 650
80 370
157 135
924 133
137 205
321 120
928 192
32 501
470 347
994 321
27 266
193 38
363 799
880 344
331 144
649 251
463 951
190 725
878 678
537 890
670 722
505 86
588 847
916 822
97 812
260 946
196 560
153 795
438 541
511 249
921 501
887 626
709 382
545 757
140 175
439 509
45 870
961 613
25 274
452 888
964 479
301 13
396 393
715 515
111 763
607 646
495 152
499 93
564 959
139 92
475 570
931 811
183 271
388 693
101 130
194 612
121 572
160 700
894 449
787 808
132 690
852 664
775 88
447 507
547 905
446 464
237 979
521 550
314 300
958 973
405 979
372 538
698 406
699 947
204 371
974 379
833 613
760 707
320 848
618 673
266 282
160 777
323 327
217 712
398 311
751 911
424 942
756 567
659 142
630 743
151 570
928 381
322 132
442 964
821 238
604 530
553 512
222 373
459 101
507 940
599 297
515 391
216 302
640 720
894 895
364 926
551 394
826 647
8 26
669 859
981 89
273 106
627 977
494 728
243 984
247 992
144 985
91 516
643 305
365 405
113 452
991 481
84 195
899 232
793 621
169 459
117 389
357 662
532 473
66 581
433 334
144 135
108 200
2 253
295 928
956 126
910 396
939 872
734 553
961 896
709 338
469 745
257 809
116 370
460 988
300 905
961 577
763 733
710 68
343 549
148 565
905 906
301 113
323 713
180 838
89 815
698 903
310 449
917 359
828 262
244 77
667 361
304 170
68 147
201 310
475 179
723 409
63 906
825 617
698 217
756 87
204 876
243 60
483 749
229 497
90 905
559 869
985 924
113 745
635 620
867 91
105 349
952 322
95 702
388 862
265 237
851 156
57 595
806 444
260 272
82 966
981 682
599 239
285 867
677 673
53 199
204 117
43 817
924 862
450 981
215 599
735 268
515 27
705 809
687 745
445 238
672 158
552 651
420 956
554 147
967 62
398 847
806 120
306 872
995 945
692 887
910 170
36 755
277 759
259 20
995 798
635 359
853 420
636 532
641 796
342 683
457 403
205 885
690 195
563 115
698 147
322 735
841 373
624 67
805 146
685 812
257 900
511 490
278 114
290 748
300 990
106 797
586 3
938 575
59 129
580 549
546 885
446 974
413 650
840 394
412 867
130 172
815 936
240 972
463 336
585 90
3 236
415 645
992 180
42 839
307 260
131 554
111 819
404 145
261 520
279 723
343 813
214 568
125 83
987 376
54 81
759 788
262 98
506 874
984 822
128 66
168 835
759 901
337 956
245 859
506 989
233 867
452 411
716 632
661 201
480 964
60 113
601 648
11 402
327 686
932 796
107 963
885 796
692 352
433 1000
985 267
243 709
743 964
483 82
911 932
759 15
682 124
170 424
999 687
411 910
773 980
691 375
217 252
1 831
122 534
773 876
933 649
961 205
209 864
286 968
782 973
70 931
587 23
534 592
575 574
507 756
861 989
239 857
46 55
373 227
249 45
703 634
32 517
948 531
606 19
312 98
687 182
232 792
853 666
529 188
857 735
415 403
735 730
926 549
162 856
59 26
187 65
906 915
318 821
245 763
451 340
452 59
386 473
466 139
324 125
323 536
860 95
219 833
145 870
37 848
556 320
560 771
764 547
129 234
628 82
901 540
526 966
977 430
791 262
542 774
964 188
180 707
239 96
793 300
100 314
851 610
180 370
219 412
938 141
24 158
778 11
483 259
471 966
806 629
440 78
78 448
14 255
657 731
267 659
933 638
200 590
665 950
355 938
563 642
13 528
103 996
731 263
644 374
864 676
294 59
282 723
393 346
324 870
327 65
768 452
78 781
248 868
725 478
29 471
914 127
75 57
442 780
744 696
489 148
586 778
532 545
202 140
518 532
377 418
305 653
52 654
623 721
648 397
960 495
465 839
407 956
209 989
598 401
878 897
763 97
735 792
633 962
61 313
67 804
16 486
74 164
226 491
552 71
92 256
421 546
652 162
413 626
818 492
824 967
804 101
949 721
309 690
491 563
845 544
903 128
210 217
780 845
840 160
978 210
279 751
368 816
841 683
200 317
401 52
96 510
869 29
198 967
931 438
290 274
964 915
385 526
318 508
466 691
234 663
293 546
327 285
295 457
336 203
55 820
242 285
117 991
869 320
247 44
344 373
826 533
657 251
497 425
298 170
430 695
341 8
752 417
753 120
458 340
551 521
355 164
446 717
69 638
341 505
736 917
4 239
687 810
924 392
66 928
14 384
734 499
792 810
979 488
571 880
374 482
330 76
496 348
739 488
598 445
106 919
415 309
473 636
420 93
793 541
390 637
361 739
749 592
715 704
697 845
863 957
499 365
465 589
232 848
712 602
175 442
182 354
463 383
266 921
144 309
5 625
827 232
922 204
176 998
68 156
489 97
373 512
823 28
239 341
161 888
211 748
489 498
641 413
664 810
63 1000
998 189
674 351
656 702
140 615
440 702
613 346
816 52
998 268
946 170
569 586
750 669
272 710
94 833
976 810
426 263
581 653
971 609
842 891
384 831
831 245
677 735
53 832
271 2
772 741
132 324
740 177
9 23
929 966
786 969
15 9
35 444
455 182
661 519
645 524
96 855
616 14
869 356
428 878
485 619
507 175
716 25
274 4
256 519
187 813
960 619
833 275
528 815
221 518
701 284
991 725
78 837
985 121
35 734
715 160
311 565
494 757
577 135
425 914
619 524
32 796
507 634
71 149
104 386
424 86
957 84
173 581
429 987
72 680
457 402
115 714
866 46
481 500
154 402
766 559
36 978
398 537
718 658
118 882
892 220
503 780
700 24
222 972
537 365
224 176
171 987
927 416
286 312
567 857
680 355
77 493
835 316
393 566
174 397
159 219
548 818
483 699
162 476
660 323
93 756
573 714
798 177
11 161
251 548
68 918
971 815
490 125
634 827
926 21
323 224
354 333
276 170
485 348
696 757
520 816
668 619
122 541
598 774
642 662
69 899
858 56
30 554
697 495
754 200
350 775
276 270
189 155
905 218
429 652
894 194
714 554
770 712
199 38
626 270
644 177
856 311
356 136
584 998
182 895
317 168
883 367
526 36
412 668
171 980
749 357
843 224
847 744
487 201
736 699
61 276
737 184
230 693
236 350
618 128
754 799
297 486
689 932
139 455
476 156
240 187
206 301
250 780
762 357
966 283
568 918
865 84
415 176
56 339
382 445
534 46
651 334
154 938
873 306
271 529
967 100
845 908
292 540
884 86
812 219
867 896
745 264
517 698
315 706
7 136
54 173
500 637
817 405
712 189
627 10
169 742
665 745
479 961
543 264
285 8
798 376
42 271
481 805
725 522
525 736
788 265
837 892
881 260
42 414
282 673
834 914
432 674
252 291
74 527
829 685
812 573
544 291
13 608
655 17
569 208
311 863
796 457
484 621
969 907
826 848
994 462
460 502
373 819
598 180
800 123
305 563
857 126
54 253
844 332
493 634
331 355
528 533
767 340
549 970
491 89
53 754
93 293
903 686
246 205
6 790
844 562
379 401
961 970
727 923
302 66
433 177
162 977
14 630
127 43
364 399
166 669
280 540
818 36
12 115
571 484
112 463
165 603
387 721
392 965
743 226
943 940
380 516
896 597
71 673
555 808
914 367
231 863
508 416
426 290
951 235
577 981
279 677
817 70
158 846
841 530
868 535
487 919
256 65
534 276
650 305
744 428
228 773
565 642
973 21
129 870
295 177
479 916
371 823
561 859
254 578
879 87
57 4
43 41
778 5
266 280
541 743
551 209
938 278
367 912
243 414
996 96
561 517
290 334
312 37
4 827
186 962
651 532
913 493
472 811
470 266
757 750
683 135
596 684
479 104
836 376
786 132
809 829
494 623
886 829
317 14
579 967
329 448
658 926
610 947
627 979
757 512
98 159
364 617
133 396
118 218
563 379
322 471
765 865
481 382
889 361
969 641
973 129
719 501
204 614
830 950
981 298
681 422
779 529
671 519
588 595
940 548
481 201
905 831
926 979
603 866
451 497
644 509
19 937
724 226
548 48
591 114
975 467
776 699
618 188
582 275
861 456
257 122
21 1
576 344
177 259
248 230
226 52
590 937
572 652
871 6
78 125
999 77
395 293
362 656
695 246
148 107
216 474
797 846
7 208
266 474
824 544
275 360
294 388
738 966
480 983
102 673
285 95
379 300
967 615
290 311
953 237
441 961
498 178
523 271
284 281
926 216
431 730
68 736
397 534
493 109
384 687
479 174
464 381
123 144
458 407
789 561
904 261
118 405
906 511
565 90
215 593
256 536
222 343
28 52
571 898
387 618
938 959
964 879
490 550
896 507
540 14
578 249
908 554
892 537
382 635
611 99
633 671
596 277
390 828
544 184
215 334
731 778
161 755
143 936
516 182
633 776
26 166
689 558
317 869
356 989
322 733
379 654
274 600
448 63
165 781
500 128
326 780
183 909
66 215
746 715
861 10
865 79
922 190
230 123
750 770
452 961
456 4
58 312
59 97
150 280
858 675
875 771
571 10
149 80
140 737
899 914
646 698
897 22
550 872
704 536
542 808
487 991
399 265
977 465
944 230
530 867
802 28
531 582
159 393
817 168
116 554
851 569
591 571
596 919
708 869
88 614
105 456
180 446
204 4
705 745
271 643
704 277
985 265
90 431
293 330
942 857
172 697
83 722
470 306
826 714
21 812
744 975
273 935
271 436
576 536
84 295
597 127
231 400
291 583
516 116
496 391
393 817
173 535
285 649
269 4
352 710
460 689
585 293
162 859
71 265
874 753
121 120
598 506
931 661
533 681
304 391
177 143
956 151
29 771
960 210
479 632
358 89
729 539
71 700
112 563
184 928
519 680
379 322
330 79
374 919
277 62
280 846
978 93
409 878
690 297
174 430
803 26
272 812
842 508
422 932
671 19
256 102
704 612
774 103
229 55
156 711
395 365
197 553
406 77
771 726
590 131
683 367
495 325
116 526
263 451
176 491
557 475
439 336
74 957
570 806
274 171
550 109
989 848
80 230
997 357
817 711
51 715
259 658
437 415
374 675
60 478
556 571
174 594
485 819
626 307
511 900
459 809
691 450
287 503
402 956
818 963
303 889
89 645
594 666
739 351
499 738
283 741
984 406
253 559
274 928
131 825
405 314
990 302
865 6
346 900
642 70
326 999
573 446
851 196
980 416
395 90
125 311
549 437
733 184
824 221
295 509
386 443
922 281
878 16
484 394
447 262
22 685
127 622
148 225
186 28
690 604
73 678
224 822
854 566
480 543
324 640
327 739
823 766
347 289
938 388
9 360
51 549
108 978
199 421
700 970
422 396
599 196
506 757
512 192
877 802
590 441
829 607
243 526
869 334
375 21
808 710
130 974
916 657
973 480
196 422
27 400
750 178
933 882
346 700
592 188
422 249
321 115
219 975
691 256
764 346
36 587
865 757
954 278
204 897
649 788
122 22
312 610
61 121
724 303
97 303
890 19
909 427
914 259
577 475
335 511
905 604
266 722
174 955
636 610
529 88
415 311
330 221
519 957
792 970
226 282
407 819
505 337
676 360
913 842
718 551
130 84
884 715
611 949
51 160
945 377
430 771
896 562
927 4
319 414
141 598
731 569
528 847
611 736
137 515
897 9
21 113
171 300
922 492
444 683
695 241
996 336
671 376
458 803
20 46
169 684
778 126
427 100
428 443
160 953
547 823
751 63
474 9
661 291
440 409
264 839
199 953
877 885
968 943
497 105
982 208
968 574
109 412
911 858
989 920
830 388
47 922
360 846
325 708
570 577
469 293
192 647
464 668
502 996
195 540
522 703
398 850
716 249
311 567
331 349
873 867
236 86
900 406
459 753
815 116
143 534
143 939
754 614
358 661
140 227
899 86
176 727
411 400
654 460
508 660
736 511
843 437
813 277
779 653
339 242
547 441
912 106
35 237
577 626
742 276
944 347
456 600
324 245
935 919
521 935
867 793
185 954
833 998
979 800
395 499
671 65
149 192
595 880
297 981
645 602
267 829
209 110
82 756
910 956
345 606
205 250
940 371
483 488
488 434
678 571
697 129
225 885
190 225
636 401
157 113
77 785
425 304
8 360
595 684
247 97
270 168
952 447
40 665
266 655
310 697
369 211
756 921
691 602
618 902
507 845
588 242
296 434
276 744
83 906
104 431
268 520
288 182
430 792
969 452
184 263
375 222
769 682
912 635
584 1000
164 472
368 115
477 783
364 135
361 927
68 441
778 392
743 92
726 556
433 139
417 782
127 49
273 482
277 490
12 705
875 51
412 979
684 603
149 913
297 646
211 328
434 537
509 179
625 874
80 907
725 751
374 775
712 882
806 940
646 709
863 826
845 795
538 837
150 519
195 122
586 585
94 908
936 664
150 758
869 230
617 85
779 194
528 468
841 541
8 472
459 398
167 81
372 25
967 558
694 866
324 961
721 64
461 453
375 131
748 671
108 638
273 727
860 525
43 788
616 57
190 108
284 497
531 944
117 617
152 611
912 450
531 33
548 961
143 303
221 987
523 645
66 808
472 111
571 973
561 746
995 125
17 389
807 602
611 45
739 96
316 151
398 949
238 692
956 999
758 63
541 603
1000 995
783 514
606 99
643 247
978 98
421 717
210 656
687 230
357 719
601 353
378 682
54 545
382 146
623 944
348 774
538 370
98 317
689 966
317 541
853 699
177 170
675 695
328 298
680 31
534 238
794 11
505 662
72 815
269 747
149 949
278 795
634 701
709 45
969 176
163 201
662 253
367 361
295 508
845 914
127 323
764 723
474 353
970 554
148 226
353 548
558 675
604 59
642 792
916 239
292 641
920 234
885 526
802 210
803 279
452 335
309 450
877 188
169 695
21 318
152 387
725 970
10 33
668 28
258 819
99 643
891 431
603 19
869 508
854 384
103 948
674 311
613 999
212 576
749 231
52 41
808 711
846 599
740 510
703 202
464 689
235 766
240 136
977 629
817 972
69 635
329 454
274 449
493 715
338 652
601 50
451 951
782 25
179 68
752 130
770 545
899 863
465 791
123 675
947 305
688 977
40 173
596 354
101 780
671 624
1000 991
236 273
878 928
826 48
504 169
585 832
947 361
107 4
754 805
650 780
301 476
667 406
608 670
478 524
120 1000
107 206
68 264
505 690
966 353
733 106
326 960
845 624
186 223
611 658
478 671
102 27
824 853
586 860
612 988
319 494
999 376
33 721
941 319
500 657
456 619
102 837
360 356
216 759
149 284
444 1000
229 78
712 104
544 929
485 293
937 662
811 253
712 225
669 247
346 972
479 168
893 394
140 189
760 712
846 512
63 318
247 13
342 449
144 652
363 528
180 250
114 322
509 506
446 771
717 958
739 218
922 550
247 851
643 384
644 111
113 267
623 95
210 163
909 381
930 824
697 839
58 787
691 61
70 970
52 577
218 873
883 805
539 113
762 106
336 884
693 956
969 268
73 199
843 432
461 488
745 725
852 95
47 319
433 255
18 595
257 777
26 980
379 928
295 678
10 466
634 279
139 186
379 785
505 590
35 125
832 673
372 154
138 382
33 524
951 199
548 165
488 725
951 168
196 302
760 67
337 150
634 612
138 449
135 779
929 458
50 565
197 930
418 49
914 970
176 888
119 625
618 432
447 430
909 709
141 859
420 716
388 536
794 519
319 224
327 533
773 395
356 273
43 226
6 490
686 632
232 41
497 187
360 141
702 285
692 275
584 700
161 349
678 794
865 993
924 190
469 23
554 431
759 122
428 988
87 569
291 760
881 200
619 604
965 632
507 938
718 928
314 928
389 616
49 527
857 912
30 858
749 354
754 242
188 438
265 939
612 770
914 328
205 789
905 667
572 131
408 632
671 729
728 897
123 841
841 230
150 216
136 950
46 409
230 394
420 374
473 759
837 3
487 654
344 680
59 988
504 302
618 878
25 220
326 667
419 263
132 820
149 114
189 933
371 62
355 577
618 5
546 486
603 763
585 340
950 76
613 270
996 410
484 246
932 642
529 653
589 277
347 86
185 183
93 582
149 340
812 500
820 543
134 889
769 303
354 697
502 609
558 726
485 381
916 409
555 171
4 691
77 931
498 248
579 33
660 934
990 613
545 100
173 949
100 235
188 309
330 656
223 239
282 735
544 294
427 474
191 397
692 102
490 858
734 761
695 877
259 293
846 747
971 777
728 434
66 809
229 683
142 242
182 943
331 279
705 902
632 930
877 128
952 809
448 15
763 377
435 258
455 703
300 636
134 912
748 2
969 440
121 26
88 333
306 188
70 173
516 287
779 583
507 361
965 912
814 574
662 912
19 910
629 35
520 937
776 563
372 60
210 947
945 172
193 647
931 913
789 275
455 771
831 648
523 110
562 175
301 153
897 946
76 671
198 21
480 324
286 134
128 224
71 960
681 916
315 370
962 715
46 518
964 13
318 646
720 424
223 527
349 960
544 902
360 39
949 145
306 949
996 156
372 662
91 135
142 658
143 255
751 906
309 227
992 976
354 460
336 207
815 681
817 656
252 467
626 224
812 653
796 266
800 845
752 598
373 754
834 100
156 24
731 112
773 903
26 572
208 695
887 489
375 309
13 786
937 134
41 473
297 103
61 6
812 834
389 543
504 605
20 339
602 306
749 409
169 639
734 503
183 535
991 492
204 530
843 561
463 775
505 117
246 617
786 308
733 765
75 775
519 814
539 148
278 248
615 641
835 769
743 151
472 281
974 595
348 884
576 159
649 581
870 87
482 609
933 261
992 847
738 191
81 736
903 429
743 178
269 701
366 643
116 494
799 253
842 336
51 418
872 915
120 88
270 884
971 985
994 629
440 607
137 513
375 657
84 610
824 709
253 117
491 672
954 72
771 626
224 869
615 299
266 118
935 672
65 720
137 739
595 395
96 414
557 383
209 145
734 885
378 962
261 211
856 995
124 91
863 672
511 734
95 714
359 833
730 119
821 92
536 804
403 495
207 829
703 152
796 366
910 482
768 503
4 937
763 82
247 189
378 188
236 178
189 228
65 62
781 416
401 28
403 570
387 193
119 846
291 573
389 643
540 184
409 782
407 115
601 446
529 425
72 684
948 405
127 142
697 915
184 570
830 593
944 992
857 853
415 277
257 927
36 532
745 724
487 391
720 743
940 523
758 774
151 364
120 918
282 493
598 703
628 310
171 991
672 940
451 383
489 176
72 872
70 407
533 997
849 592
704 381
172 110
139 10
269 383
938 917
79 284
462 396
547 102
343 411
974 107
63 776
194 937
211 637
850 860
855 429
472 682
125 176
695 324
85 546
638 662
390 107
882 220
704 936
801 66
223 357
928 331
87 474
364 829
200 678
720 45
739 795
887 179
959 774
617 443
160 20
269 462
329 601
317 450
531 116
994 294
888 797
192 788
726 977
434 241
491 480
607 54
22 1000
958 292
246 74
999 904
505 188
782 982
516 6
153 379
687 95
677 21
610 88
258 165
477 47
350 327
923 189
799 518
538 284
374 712
840 604
325 28
664 682
94 864
844 731
447 521
76 997
97 826
889 866
581 124
529 977
159 42
550 937
920 498
701 563
775 844
229 338
376 250
582 350
909 518
34 320
396 607
127 631
609 961
8 891
817 447
776 965
889 956
855 339
863 804
348 279
846 18
69 308
7 132
120 366
319 182
566 18
674 387
91 63
516 926
354 711
198 864
356 810
552 956
381 458
521 413
410 912
985 584
531 424
304 566
815 660
816 734
156 279
764 252
891 618
198 766
256 421
864 714
611 303
468 656
493 963
241 42
648 886
96 787
938 524
838 569
195 585
217 1
231 224
347 642
850 666
920 618
868 352
355 143
265 667
397 398
861 745
38 384
166 213
578 141
100 601
239 922
886 247
154 308
486 705
892 604
141 26
255 396
934 857
494 800
244 947
995 861
209 976
752 70
904 638
403 848
809 377
819 472
692 586
876 223
235 225
790 235
745 684
463 497
157 806
784 976
413 728
970 999
275 807
239 606
790 90
634 328
196 355
90 746
822 683
552 475
71 669
225 277
766 468
180 799
328 10
352 144
723 387
656 312
811 612
595 189
188 765
285 341
695 238
788 316
366 800
299 153
621 982
930 29
704 754
617 55
724 765
138 248
121 800
699 969
976 210
885 814
265 251
319 904
588 455
56 208
313 231
721 162
636 475
995 364
289 350
78 592
338 985
692 468
855 808
537 282
881 437
899 530
894 781
276 563
868 181
852 530
249 451
854 96
123 470
159 902
909 954
635 608
162 257
906 288
181 619
973 767
334 887
523 816
148 880
392 865
430 437
308 529
943 350
39 735
27 955
748 103
72 512
145 340
700 386
439 430
687 659
407 844
882 803
803 117
982 960
642 263
1 437
904 534
562 110
908 70
583 452
845 669
632 838
22 476
300 790
763 832
15 781
72 845
783 951
737 109
276 351
956 457
315 435
323 860
695 44
789 167
777 504
872 547
998 39
637 381
725 402
660 436
474 323
201 393
121 738
413 228
253 485
20 954
64 782
512 274
803 309
276 147
663 769
544 931
428 438
980 891
450 154
233 794
34 989
419 653
815 735
393 42
898 805
994 590
385 670
869 286
119 211
305 549
90 471
807 984
647 871
263 810
88 684
605 754
223 670
705 803
924 203
526 819
412 407
754 304
661 740
522 553
762 807
592 483
311 560
630 175
36 761
2 441
493 425
113 410
791 891
244 580
562 673
959 673
970 202
311 470
810 403
630 48
314 364
192 70
981 191
526 367
412 603
292 33
991 303
352 395
463 425
766 306
468 465
514 209
272 204
900 966
997 582
586 298
803 149
785 386
839 723
715 961
111 712
917 389
405 81
462 98
335 784
492 929
774 417
315 332
337 148
901 546
370 340
999 815
530 972
713 450
493 410
43 343
171 410
431 932
24 136
47 756
546 21
47 356
750 301
57 64
42 276
695 293
315 776
172 919
692 366
950 674
557 516
119 183
820 202
398 96
487 743
366 563
152 522
930 521
994 976
660 738
296 437
152 953
283 209
964 824
235 696
991 1
169 218
902 754
889 100
622 807
2 490
645 276
995 979
710 314
60 139
134 938
981 381
244 975
446 891
583 366
982 170
259 322
19 775
900 644
261 914
244 894
639 95
46 44
908 191
582 34
182 444
279 446
429 109
146 352
292 827
704 299
443 177
121 463
417 478
15 377
595 51
408 135
944 457
176 931
242 732
774 397
479 665
831 628
644 598
675 216
220 299
663 619
837 692
537 136
926 122
394 171
786 784
111 160
259 875
774 62
798 944
157 88
142 692
237 778
812 615
366 470
4 701
105 424
462 685
986 35
17 680
221 822
368 726
220 879
851 823
397 683
643 687
626 77
939 296
947 805
195 584
760 286
811 370
879 615
947 850
416 794
271 404
298 147
978 836
351 218
136 74
338 679
32 234
783 860
520 111
207 443
50 450
213 790
365 571
517 334
111 756
192 663
106 957
17 164
131 940
62 756
653 15
607 344
975 164
562 954
542 634
700 221
960 695
244 496
337 306
409 989
139 196
624 510
771 907
404 224
704 422
854 872
402 321
665 61
632 72
831 616
854 987
953 506
162 447
3 819
71 27
962 632
64 803
879 286
802 209
367 185
834 702
686 583
281 304
285 118
52 359
389 575
950 328
720 313
925 134
46 849
881 330
254 724
113 800
646 224
481 836
116 669
322 108
985 724
809 518
21 910
684 437
781 728
216 390
94 427
68 407
616 167
711 75
624 658
731 662
90 274
19 274
822 74
131 460
539 263
498 591
528 840
17 469
739 48
596 399
8 144
653 704
444 827
308 611
437 769
481 369
571 712
74 480
477 997
121 75
504 829
140 251
841 322
930 868
900 717
297 400
800 489
196 674
588 840
839 968
291 206
705 201
662 963
975 184
637 937
620 825
457 672
400 822
862 266
652 124
121 278
819 725
186 218
629 182
98 574
816 381
718 372
115 161
34 137
1 112
612 942
577 805
836 22
729 599
626 638
148 112
567 372
208 299
362 556
642 618
975 530
446 196
662 275
711 712
423 236
264 843
781 794
293 704
591 723
81 366
472 925
295 858
878 37
824 430
916 706
538 322
77 762
743 985
778 303
91 546
576 642
403 350
761 650
388 10
407 318
355 121
999 640
946 524
322 274
354 610
494 524
353 392
378 45
17 433
1 980
536 627
261 55
26 385
706 319
409 214
672 115
606 284
202 206
60 224
127 136
110 21
827 590
577 443
891 583
287 344
184 683
97 222
978 705
151 505
465 530
818 22
835 908
340 310
841 207
644 686
685 454
154 190
144 504
989 112
353 790
651 459
874 836
983 534
976 704
663 352
779 367
599 614
945 123
144 913
306 567
241 742
969 116
409 774
263 766
381 194
703 661
11 167
323 89
915 637
366 217
457 643
538 668
542 188
751 238
902 36
150 857
809 486
551 775
642 737
717 27
30 370
517 772
973 322
705 748
722 578
940 397
906 269
251 102
18 189
806 290
919 513
995 359
706 206
40 316
584 526
15 152
165 267
496 222
83 910
155 493
268 516
919 601
222 455
585 705
985 95
363 287
807 690
260 823
43 577
959 631
653 776
548 98
178 232
566 831
326 48
493 545
576 827
896 946
295 912
403 822
98 418
509 953
135 619
680 920
143 824
420 403
300 953
746 665
435 630
699 261
478 847
187 489
775 680
410 312
612 986
348 92
370 516
443 176
374 1000
603 990
659 992
534 32
78 832
404 205
758 514
650 213
48 159
769 145
883 239
133 538
461 957
281 303
478 111
376 875
30 146
33 670
713 364
346 335
276 118
205 440
742 225
905 303
780 902
725 871
58 170
901 662
243 362
889 668
623 556
214 313
593 224
656 776
617 234
467 911
627 937
808 945
54 449
76 137
191 661
949 92
238 141
755 485
169 906
887 224
815 519
13 521
905 974
14 438
345 122
290 973
682 734
192 280
448 381
47 207
624 710
700 555
682 490
943 80
813 772
170 262
614 875
555 443
247 901
947 115
752 233
770 968
787 986
937 73
373 95
411 134
402 103
657 58
951 696
553 121
790 382
20 99
871 321
598 539
601 357
107 28
839 999
83 87
466 437
838 165
785 303
733 401
550 745
24 615
421 555
448 315
180 874
362 117
642 67
138 208
220 123
242 543
297 742
49 69
913 540
552 364
382 451
116 171
725 973
392 809
559 619
158 944
72 49
219 162
774 366
797 519
727 330
614 671
716 985
996 302
239 28
536 449
333 103
979 366
720 366
46 628
103 637
331 601
647 410
95 384
696 708
475 875
464 504
670 88
436 118
631 445
87 303
200 657
647 713
795 967
781 552
895 606
342 842
829 316
635 117
108 403
274 317
520 445
128 702
333 798
338 648
999 637
856 501
13 864
507 599
36 711
933 279
827 692
529 220
739 384
170 653
9 521
526 486
70 994
416 517
663 155
596 366
923 246
19 380
31 989
188 178
127 100
60 35
443 941
124 141
733 324
918 78
164 65
148 590
420 427
154 91
641 603
400 823
898 42
245 267
192 393
980 338
598 769
177 91
305 110
337 761
606 780
474 307
984 516
384 202
666 208
443 361
428 3
466 842
837 361
196 103
751 503
898 511
457 533
560 194
922 489
340 545
928 870
237 542
292 797
267 869
648 756
535 491
176 473
214 353
380 89
272 844
312 233
313 144
389 43
66 424
871 749
129 712
459 219
761 975
838 869
560 871
878 42
186 992
303 972
243 753
82 541
472 781
46 265
332 494
622 926
255 659
865 699
437 578
230 983
657 855
751 623
174 766
729 69
765 799
783 416
382 637
844 658
795 486
369 630
635 383
710 367
123 579
876 3
895 801
472 329
588 655
737 707
495 695
705 365
541 543
69 270
435 492
982 437
667 169
53 99
852 91
157 891
446 812
412 964
242 617
606 974
718 516
171 835
425 599
429 7
31 215
434 671
776 718
966 321
112 668
556 453
900 855
931 59
327 866
456 178
76 674
556 340
828 657
929 757
101 369
673 592
730 611
36 492
718 192
519 497
409 694
963 251
536 327
993 560
997 24
907 480
466 592
877 562
15 295
608 361
67 236
103 794
698 342
38 991
169 540
693 703
25 736
730 935
512 30
161 480
140 748
825 73
785 541
294 132
955 730
635 832
726 772
302 659
618 624
468 639
159 826
643 693
950 595
19 111
555 97
848 245
800 904
344 2
921 932
976 329
939 351
557 804
371 536
800 999
776 202
912 737
570 721
754 338
733 492
678 75
848 930
226 10
597 105
450 578
19 555
294 723
633 701
65 313
287 430
921 480
370 177
116 766
932 160
667 181
727 893
358 192
268 216
804 506
254 433
936 178
535 122
3 285
559 368
696 525
71 698
735 595
439 182
723 123
851 46
942 219
249 640
620 913
398 4
111 750
205 341
866 625
653 429
436 607
665 39
443 401
64 938
185 842
769 434
128 38
498 18
355 615
484 65
730 665
788 121
517 581
532 6
327 650
720 238
668 582
907 746
12 974
752 735
787 432
990 617
935 216
460 184
619 248
959 214
344 353
215 678
829 678
827 944
960 571
502 950
147 824
199 114
346 674
682 88
421 655
887 1
874 992
916 985
960 95
459 862
760 955
743 710
156 982
168 70
808 413
148 998
580 929
356 701
515 40
412 767
682 269
687 124
724 85
69 309
880 142
666 313
994 154
581 426
301 502
148 683
511 369
387 329
67 957
253 922
440 873
730 740
941 163
887 875
822 686
839 516
405 737
301 149
582 302
909 982
606 672
510 277
884 2
166 961
462 88
654 858
519 424
23 697
447 413
655 664
361 212
897 80
96 263
404 448
595 815
15 750
881 622
439 606
523 139
194 799
160 732
311 97
586 761
733 630
521 446
466 49
391 616
507 445
53 121
401 488
976 100
617 342
865 122
48 163
511 610
55 780
246 757
749 226
18 130
298 146
808 603
687 845
817 967
915 334
478 42
709 918
670 676
359 285
506 179
161 745
697 522
331 260
658 745
467 196
790 424
365 137
94 345
948 246
305 818
804 348
199 666
421 748
83 389
139 439
898 400
618 814
733 323
258 27
965 112
774 670
633 192
728 748
603 1000
862 667
386 486
25 94
383 544
818 293
968 394
915 645
121 622
676 53
21 123
333 185
711 932
784 507
859 849
453 736
661 75
275 256
148 114
976 915
775 183
724 685
452 424
661 188
501 841
392 435
581 629
30 389
124 480
217 642
751 69
315 993
100 73
872 482
733 874
656 995
262 699
639 949
251 92
623 236
459 171
392 704
198 596
717 808
798 571
808 567
616 276
985 65
491 504
83 597
862 182
463 886
191 679
506 215
469 449
293 147
187 624
191 820
361 933
491 38
273 367
847 653
259 172
740 979
874 621
265 771
588 543
93 151
595 333
819 277
987 695
933 293
754 834
611 983
297 515
26 67
554 821
893 545
585 240
32 720
523 991
148 466
421 994
4 278
598 802
79 882
343 689
415 196
897 845
384 312
516 753
296 596
428 81
598 925
279 746
470 943
641 497
680 393
663 576
498 412
353 615
830 808
73 608
590 63
654 333
475 805
578 590
355 731
637 209
893 327
794 802
65 978
160 842
949 70
988 641
916 369
167 137
65 539
327 455
310 691
868 249
263 779
692 399
357 339
568 149
53 339
915 424
259 716
759 113
339 634
60 416
667 328
43 562
338 702
763 227
529 367
296 214
294 833
778 946
127 217
256 904
903 834
631 857
562 320
981 378
487 193
36 879
24 879
222 886
335 445
482 963
376 322
502 390
875 152
128 733
880 242
525 86
187 378
448 846
638 393
286 610
366 716
711 533
738 355
921 257
478 574
851 64
689 813
836 916
782 534
126 204
36 220
240 639
297 648
889 870
546 513
453 501
936 977
765 706
774 497
726 185
816 263
779 397
865 27
768 698
24 297
818 150
660 367
879 357
882 395
475 482
560 139
64 986
9 93
17 743
769 433
399 362
760 834
355 614
137 319
127 655
713 588
346 111
772 337
52 317
894 540
733 642
720 239
829 963
320 765
414 975
221 819
312 17
755 487
39 486
639 845
530 499
915 87
554 509
935 168
721 356
797 135
591 939
868 364
635 107
673 266
838 588
235 665
553 716
290 826
355 256
383 246
331 283
574 165
28 281
894 233
184 519
312 572
352 761
465 958
395 919
468 199
767 301
770 889
588 720
41 787
350 295
98 324
541 189
391 483
283 762
909 98
165 754
336 828
856 657
769 697
374 552
582 13
219 617
625 558
832 960
447 553
288 882
92 392
168 456
297 885
851 186
871 775
747 509
11 34
784 400
380 849
915 582
146 128
419 439
883 122
242 846
910 56
138 21
929 358
567 300
508 328
848 370
685 865
319 39
696 710
676 612
699 973
243 976
356 56
930 251
159 735
955 267
173 257
792 663
116 664
502 753
378 451
450 84
592 917
906 451
587 650
330 689
682 170
902 927
652 838
468 807
753 119
995 14
605 979
908 687
985 100
749 3
127 435
143 702
352 516
830 860
464 981
509 850
679 425
256 961
978 950
389 683
97 838
169 305
176 595
636 633
857 892
969 282
587 167
573 136
374 645
710 35
735 756
758 831
267 330
451 505
469 864
991 943
6 565
888 388
617 586
767 365
681 729
900 893
978 397
392 888
559 664
266 785
249 703
572 789
77 337
25 206
871 811
119 425
451 164
533 174
702 815
461 67
409 728
232 277
398 595
73 587
536 365
631 786
208 302
959 341
990 233
121 855
281 522
474 97
220 669
441 88
280 218
191 12
873 189
46 769
251 881
765 498
347 258
76 380
975 908
389 41
337 872
636 388
346 982
440 15
518 510
332 37
795 647
617 305
599 225
413 292
215 760
185 317
902 1000
508 832
549 621
74 591
949 38
455 62
104 45
579 794
230 890
618 828
657 964
30 582
382 641
860 785
331 197
882 203
501 317
817 994
450 717
839 101
290 866
795 147
286 986
977 229
457 264
990 98
763 292
136 557
204 504
277 622
210 707
652 430
567 541
183 788
386 54
405 266
886 477
853 652
746 737
701 840
421 617
297 514
596 98
724 159
232 693
898 12
617 261
240 596
884 933
120 10
699 472
405 93
172 440
927 56
32 366
660 485
771 964
741 734
417 272
200 128
399 480
148 160
390 45
568 304
583 758
243 531
312 425
849 291
629 602
759 927
544 852
372 565
748 451
108 883
198 528
721 972
831 131
617 243
817 497
581 616
522 833
790 948
518 75
117 892
380 392
298 73
37 553
416 20
203 252
935 135
37 527
375 474
834 8
554 425
205 669
960 576
482 412
377 690
673 365
715 246
458 149
313 622
545 811
348 612
593 615
190 695
988 111
431 171
915 441
505 48
74 39
644 879
5 915
283 273
654 256
359 10
641 999
254 292
18 542
541 658
231 76
141 292
126 354
252 751
224 230
211 480
857 598
785 465
842 258
862 705
476 4
370 515
885 352
216 254
380 735
128 875
510 255
295 465
466 858
120 149
949 628
243 788
24 347
578 798
478 1000
768 810
141 744
695 129
203 719
241 528
116 107
189 784
102 775
57 390
186 354
25 928
889 673
48 335
376 588
896 61
955 538
774 50
741 37
906 202
379 236
363 803
164 976
660 61
593 118
389 97
318 89
428 521
69 989
752 721
772 678
705 717
333 644
706 190
246 751
670 673
321 196
393 247
86 68
588 190
976 408
475 98
1000 302
930 553
570 512
610 565
873 112
223 122
429 743
265 670
30 926
469 166
622 852
550 209
701 347
339 646
22 905
170 660
87 825
255 395
666 660
173 388
257 937
520 881
204 714
259 5
880 799
495 606
980 202
468 422
969 95
40 357
59 195
477 208
62 986
836 905
671 338
968 257
143 592
286 878
510 136
521 919
662 244
336 746
484 434
690 914
788 94
988 994
370 265
354 898
500 644
11 147
436 684
3 823
704 600
635 748
727 308
162 140
971 750
220 698
522 252
559 827
507 473
41 800
665 716
684 152
924 943
941 519
428 606
825 22
399 111
147 254
475 669
574 699
120 743
247 433
603 153
493 17
518 418
573 994
673 459
862 58
824 73
679 245
526 856
378 162
626 508
184 343
203 21
886 778
473 831
471 796
158 376
501 201
709 916
800 144
730 465
288 356
587 120
238 744
701 208
282 846
174 848
861 177
19 613
740 569
815 659
729 264
639 309
107 108
532 813
791 48
297 404
466 261
675 715
178 401
897 581
36 55
936 253
631 555
940 541
614 460
640 417
362 197
742 618
438 790
650 902
906 620
249 717
619 738
322 919
46 330
448 597
901 952
206 12
153 384
281 379
926 261
505 917
234 317
436 529
942 786
849 586
137 660
85 822
609 197
656 680
305 478
942 120
519 31
587 877
470 867
475 987
561 894
109 370
664 65
367 846
778 457
690 813
930 284
471 764
399 67
190 92
377 955
968 550
553 984
221 890
475 534
503 188
415 846
507 185
259 722
702 74
80 309
597 368
134 534
913 337
363 422
627 521
810 235
114 716
77 602
874 806
47 128
14 507
587 407
934 460
960 259
652 585
946 362
810 269
499 900
960 434
943 43
601 384
213 970
822 808
406 67
281 170
657 7
235 31
550 330
853 244
115 581
154 11
802 655
395 815
843 429
205 588
699 41
904 567
118 763
975 265
306 465
366 673
681 683
443 54
116 456
643 618
620 936
159 60
253 817
534 24
681 564
684 653
225 336
102 62
339 472
785 534
860 78
254 197
475 232
992 62
738 558
46 688
690 540
910 789
750 724
757 563
236 496
203 691
989 560
383 769
281 625
557 1
930 94
182 48
458 847
802 847
648 659
719 584
833 649
190 286
506 595
949 211
346 56
367 866
5 171
464 451
467 868
229 845
472 974
237 178
4 853
647 765
261 66
782 412
967 864
221 862
752 992
54 5
329 677
75 441
837 764
4 907
706 125
815 333
156 422
281 452
433 711
400 392
592 380
539 391
353 424
501 272
943 489
585 709
553 359
572 453
312 691
593 614
935 675
984 101
179 187
312 546
417 917
467 111
917 223
73 228
914 466
607 355
644 767
757 146
157 860
545 603
952 926
590 562
666 450
27 644
447 567
267 405
675 272
180 640
65 590
149 921
166 841
115 390
619 447
768 525
674 484
419 191
516 727
521 971
205 338
585 460
254 225
223 610
646 701
115 157
542 994
335 608
894 465
906 60
99 945
266 8
855 478
15 663
676 755
109 104
681 835
300 287
48 320
310 960
466 706
894 514
915 891
169 637
448 199
854 380
468 559
15 474
419 985
260 467
464 318
678 825
751 861
311 800
526 893
449 63
877 87
412 468
749 29
507 990
715 149
492 10
455 406
977 658
762 856
353 94
861 532
348 585
165 13
98 96
904 947
559 221
335 90
526 14
439 502
37 195
990 59
520 227
832 181
528 670
782 807
745 773
743 310
784 839
514 368
552 163
326 818
650 784
814 231
961 625
527 646
197 47
975 80
27 608
335 236
275 113
361 302
215 479
275 922
202 710
617 765
598 674
232 541
296 558
176 68
927 243
234 198
128 231
71 953
646 665
594 102
791 242
867 934
483 765
923 840
655 741
286 24
346 303
823 979
419 441
133 651
512 268
513 101
287 630
773 443
595 929
63 223
728 786
447 124
285 113
968 813
950 333
76 346
556 972
849 94
834 810
941 518
525 839
638 720
697 226
467 796
229 901
656 777
566 268
90 509
825 134
844 166
259 616
425 368
467 653
422 798
363 556
215 583
847 886
994 646
904 226
868 179
764 508
171 821
911 993
824 57
511 845
863 504
919 442
393 460
18 931
536 540
309 605
321 882
583 126
938 739
144 868
145 445
933 44
990 23
5 601
719 364
281 180
581 395
999 172
678 451
928 969
211 42
770 125
257 854
25 434
926 616
49 20
512 940
803 255
362 85
469 991
36 278
699 446
132 981
633 577
671 956
71 995
590 772
681 616
633 303
150 485
813 91
871 805
197 950
456 240
673 569
547 960
771 648
976 918
3 786
523 91
147 684
34 100
806 718
77 2
869 38
467 986
543 293
536 13
649 274
30 283
73 820
807 65
920 795
801 649
722 603
685 613
506 286
640 362
695 652
19 87
739 996
75 155
30 565
969 525
473 120
242 391
378 199
970 387
701 273
597 224
798 585
477 802
60 270
43 600
541 505
340 238
291 546
369 618
598 357
356 880
641 872
24 790
296 27
745 844
451 697
931 739
130 414
886 467
852 103
214 904
857 719
110 475
608 707
92 300
348 966
1 591
957 700
541 829
67 630
178 261
790 4
996 825
562 159
413 527
514 90
110 683
241 776
556 449
98 991
435 940
663 748
776 976
945 975
159 349
769 57
127 553
666 707
278 549
690 950
33 358
452 376
54 220
94 921
464 166
120 456
197 496
160 623
323 237
369 270
749 707
879 32
265 176
702 555
760 664
707 115
907 373
512 99
971 518
453 995
721 83
322 729
134 326
262 779
69 999
345 327
881 277
865 904
498 863
134 465
755 530
843 849
76 64
313 402
332 474
446 342
138 623
322 192
492 144
402 168
354 209
342 886
825 408
766 773
468 968
344 86
677 316
71 221
737 513
882 746
242 103
44 879
643 373
293 180
355 455
268 502
417 916
783 561
294 371
74 37
926 887
891 614
895 86
662 797
511 345
885 76
61 410
33 192
248 383
931 785
487 416
35 291
474 961
805 779
594 974
867 606
63 657
580 525
373 265
908 4
250 580
197 219
510 264
58 371
684 739
991 993
723 127
103 941
743 64
504 455
505 626
568 784
663 446
232 272
909 575
860 83
1000 103
534 404
392 641
838 239
394 115
203 705
167 874
843 409
121 668
215 126
825 798
554 296
941 656
254 595
534 609
426 194
600 989
988 604
973 144
529 785
260 333
354 544
281 878
691 995
798 965
322 2
507 2
180 100
623 176
492 470
518 452
557 610
373 629
669 40
561 615
985 371
181 894
575 386
8 412
744 902
489 183
277 992
859 391
665 818
467 462
907 861
559 209
860 987
644 152
653 831
961 52
992 74
801 419
969 513
861 531
414 737
278 357
247 896
586 282
833 224
921 599
26 373
7 509
635 315
49 700
344 848
970 12
829 215
466 287
653 9
206 217
948 763
292 103
573 210
340 363
857 519
107 416
642 429
934 653
149 49
116 402
832 963
724 209
357 936
50 768
642 92
650 627
776 650
542 573
409 935
712 776
430 975
768 746
841 996
326 620
168 555
831 513
653 461
824 817
396 634
864 50
59 784
150 585
906 827
390 88
141 778
916 240
209 28
689 266
823 835
592 731
268 740
846 224
727 167
381 487
21 694
168 918
742 992
491 510
739 634
577 815
43 947
251 948
802 316
470 406
130 853
772 644
429 604
21 904
830 406
407 419
946 326
691 620
564 230
213 496
549 630
705 856
942 927
623 426
754 263
352 971
596 550
302 378
156 903
431 15
570 661
240 16
758 374
562 549
356 718
143 552
900 427
937 31
481 395
65 372
156 677
108 174
456 599
678 230
60 73
387 395
795 6
161 202
333 751
322 716
204 744
980 121
32 601
736 493
678 448
689 793
961 604
945 375
83 332
395 146
58 178
896 669
474 953
770 122
496 901
888 391
31 143
894 189
325 366
590 666
955 43
331 981
634 742
727 519
984 521
400 714
936 940
21 22
884 98
837 340
880 761
112 851
21 391
975 762
899 56
375 542
328 74
357 667
461 209
708 86
466 617
24 179
668 740
735 795
798 99
87 232
498 169
483 327
212 911
234 64
234 767
916 345
366 400
665 607
958 244
996 15
104 159
360 809
379 7
894 938
803 702
520 877
260 404
388 97
378 341
195 633
74 586
496 168
169 854
904 159
598 41
981 927
966 101
855 954
549 763
271 421
96 554
577 226
761 637
958 417
145 261
947 912
644 80
113 258
479 343
338 617
469 461
198 133
227 663
643 169
611 253
367 971
61 260
689 603
302 22
487 46
625 393
164 19
37 363
130 415
521 319
176 705
918 95
79 81
245 377
671 893
983 703
175 610
587 754
989 74
662 80
40 319
996 826
454 866
708 939
980 371
25 485
106 32
129 511
187 161
947 415
194 671
914 944
366 897
578 825
760 76
832 553
139 349
546 475
275 691
171 258
707 852
817 276
447 465
855 308
769 425
953 308
948 809
206 370
358 583
864 984
392 339
786 639
589 74
78 497
435 765
380 233
695 610
498 948
609 997
834 898
7 604
45 43
124 230
990 513
593 297
152 529
156 41
308 412
271 264
972 139
576 740
459 984
820 503
471 849
865 730
60 444
144 911
291 624
681 184
222 88
282 789
374 439
846 359
753 798
908 719
47 781
197 279
537 906
188 597
594 685
386 102
114 803
686 204
374 337
532 999
279 326
546 827
913 776
550 711
153 477
945 191
422 917
418 793
129 426
231 815
345 964
487 641
578 77
918 837
560 929
712 892
452 191
756 16
698 819
243 82
550 202
272 604
167 869
525 639
548 416
16 593
972 660
846 133
950 159
9 488
724 737
252 226
180 327
627 22
76 304
519 246
6 463
65 513
851 734
128 345
661 353
872 62
233 612
789 525
938 201
856 594
472 859
476 867
863 369
630 516
902 951
66 904
458 959
496 240
591 951
720 550
911 828
354 101
248 736
763 131
781 480
715 100
330 970
294 865
633 755
338 561
982 722
821 592
936 486
856 61
931 557
524 676
69 193
415 469
753 612
888 765
603 786
586 76
73 23
220 194
74 717
337 410
967 713
164 167
441 388
98 533
803 82
605 66
444 760
873 282
675 108
715 799
457 611
429 789
777 557
501 975
262 39
724 662
362 456
285 478
362 563
237 965
863 913
756 677
253 295
546 229
495 955
132 454
993 748
337 768
817 574
226 1000
238 192
331 639
740 130
522 989
546 39
513 694
473 497
94 515
864 750
425 374
856 558
639 877
769 605
365 212
246 377
229 613
730 186
847 350
679 327
863 506
260 542
259 264
976 278
762 779
304 943
835 605
621 52
839 125
274 311
791 766
890 183
446 585
819 241
948 267
142 326
442 676
960 425
597 44
559 385
783 507
861 999
70 253
60 74
448 236
726 755
783 616
204 745
425 748
658 898
110 947
442 361
760 484
923 490
410 203
763 747
989 101
991 939
816 485
124 970
713 99
328 223
811 666
478 645
7 401
745 402
693 965
733 145
352 180
901 789
712 948
289 837
381 55
542 218
329 824
45 256
548 361
380 219
393 880
121 859
820 553
420 299
161 252
72 305
971 655
370 746
242 961
224 604
685 833
561 883
525 792
323 128
237 58
898 650
358 954
734 781
555 234
539 737
460 110
6 294
503 8
98 630
310 680
707 324
393 268
52 20
398 63
479 432
49 831
613 842
681 714
174 657
986 883
218 605
660 564
990 983
863 111
297 74
348 563
277 761
245 181
924 272
657 107
821 648
19 148
956 929
500 357
619 793
974 517
260 527
887 520
637 981
101 262
839 933
272 181
821 888
810 701
103 110
988 272
540 585
662 81
330 454
149 898
478 726
463 294
214 872
241 782
81 997
581 983
429 291
788 670
241 671
480 261
98 844
223 887
326 708
3 739
245 956
907 393
255 326
927 858
286 86
113 566
384 970
3 880
522 288
579 273
873 12
780 616
413 113
253 1
950 908
43 220
850 740
902 299
105 299
893 322
713 548
971 568
748 872
333 868
405 654
817 582
290 734
39 505
904 350
86 60
656 851
751 826
75 301
954 536
80 133
852 739
635 213
89 249
696 79
199 132
539 491
652 778
321 30
511 950
657 932
623 493
943 490
377 295
203 431
956 871
316 134
189 112
852 816
890 239
451 889
677 139
330 38
131 43
347 845
341 319
528 693
667 26
182 765
466 313
943 185
726 571
505 421
782 761
326 213
3 242
597 710
583 503
628 748
525 442
197 217
126 241
165 571
560 979
705 647
384 281
612 657
258 766
371 155
980 844
659 854
71 982
740 560
224 951
462 497
135 437
232 450
893 915
985 562
381 255
826 92
239 1
579 380
120 375
929 349
480 961
383 806
190 430
427 8
138 205
641 242
241 374
43 56
258 810
47 656
102 613
384 802
856 595
138 958
964 614
52 88
470 507
825 216
312 901
923 353
372 969
377 737
798 741
269 489
198 401
678 911
149 16
960 672
43 644
265 642
456 863
74 274
716 165
576 624
687 804
65 509
339 650
446 594
89 503
914 463
903 780
248 592
191 762
182 711
990 62
259 90
316 25
653 950
396 161
142 389
991 656
946 19
378 689
586 506
228 844
680 123
308 804
352 476
741 862
408 606
802 286
671 679
139 286
896 691
887 961
897 750
20 619
289 177
810 885
84 882
693 780
529 795
604 377
183 126
332 660
129 38
276 307
525 640
885 197
626 707
788 342
257 410
685 954
375 564
985 864
569 609
72 391
769 103
665 95
671 136
195 67
241 385
333 497
815 861
542 255
781 925
929 234
34 974
846 785
974 330
464 511
137 431
341 855
405 710
209 333
656 780
734 929
628 946
976 489
302 759
462 824
627 184
700 992
593 368
132 116
504 649
47 891
514 892
252 715
881 61
540 904
653 615
794 400
434 223
527 33
577 512
275 979
259 408
207 502
710 491
48 210
536 654
496 507
667 420
335 338
28 378
66 549
127 663
753 805
737 696
663 144
357 647
620 19
857 839
539 31
960 72
92 11
951 266
115 538
476 752
28 655
295 943
810 240
841 958
845 660
723 72
872 782
227 825
858 801
253 809
646 606
210 28
194 697
244 451
98 219
391 902
283 793
676 848
626 743
456 243
555 545
223 695
423 305
950 2
788 473
632 219
924 745
228 814
100 480
941 726
51 668
489 687
436 930
517 903
773 301
648 122
360 156
803 538
560 261
503 11
506 285
772 378
369 35
540 718
553 443
872 134
437 730
683 222
909 675
302 600
363 410
398 175
181 549
478 121
960 744
812 905
660 287
456 919
316 146
273 200
622 643
236 74
350 454
207 379
122 417
766 974
435 324
537 59
892 605
121 111
37 899
386 999
679 686
514 555
512 877
602 905
899 467
710 915
412 882
684 762
97 432
968 349
987 427
948 979
418 866
771 954
901 887
595 30
686 203
409 925
963 450
911 501
444 314
499 226
797 599
979 812
690 649
747 440
966 602
886 88
896 906
941 280
210 290
564 757
466 952
488 128
710 607
215 87
883 57
794 522
9 498
765 37
472 692
769 472
932 956
816 861
618 345
215 949
698 337
301 265
388 801
119 281
639 966
988 642
271 116
621 554
661 444
755 273
773 146
298 50
685 582
785 196
858 10
258 99
83 809
856 743
79 969
588 230
312 857
222 316
781 617
535 606
458 158
277 826
978 857
607 56
240 90
558 532
285 668
269 55
307 29
334 551
944 823
875 257
417 937
472 300
308 978
610 110
619 772
585 948
748 416
415 499
525 85
991 716
580 761
140 10
896 680
868 79
771 248
205 620
957 733
150 307
173 206
598 721
117 460
900 931
832 873
345 970
298 54
116 721
650 557
172 409
814 792
233 157
324 108
498 299
461 949
872 612
525 748
458 909
685 998
565 688
323 61
930 15
513 29
641 64
864 887
936 644
246 855
806 533
702 458
538 619
463 730
470 30
593 105
985 711
893 470
859 298
523 467
835 325
764 101
752 549
511 708
4 964
299 640
726 41
643 551
256 733
703 299
203 169
908 641
691 307
783 195
363 354
291 641
643 436
511 826
166 195
469 902
635 478
653 723
804 577
970 297
273 15
900 444
913 391
801 529
452 571
490 754
135 566
853 365
987 983
469 628
582 269
519 844
496 702
687 234
467 15
896 773
325 85
861 163
671 678
853 591
891 451
676 200
310 346
664 906
758 836
588 788
235 505
219 924
366 605
872 695
462 48
373 411
67 704
304 190
549 440
382 459
440 590
883 290
81 812
79 297
661 771
659 885
769 245
400 624
954 187
2 732
578 895
704 558
619 264
448 11
354 963
493 345
702 535
137 349
411 618
747 434
439 708
336 43
464 496
494 172
787 469
113 936
782 18
669 9
602 92
347 587
920 545
669 954
84 398
474 287
881 60
130 626
296 374
481 686
8 10
134 702
800 38
680 540
165 92
683 915
886 190
778 997
709 927
486 520
655 281
235 776
363 223
553 419
809 969
203 374
757 899
942 751
139 718
411 357
252 793
491 51
239 817
365 534
649 993
154 385
835 778
133 747
322 715
239 678
115 620
922 906
525 31
984 383
717 701
987 672
438 888
644 691
667 882
399 839
572 973
975 48
83 232
983 517
215 511
253 808
58 310
42 851
371 165
558 123
851 239
524 63
236 484
712 807
585 63
364 305
534 480
862 557
367 401
495 204
667 513
508 978
84 629
915 763
774 322
334 245
154 615
98 389
361 618
185 139
613 331
850 879
814 311
923 985
195 62
228 190
125 161
551 901
51 862
243 298
464 77
392 442
